     100
     98.39    148.06    174.84  0.01
     19.69    126.92     34.60  0.01
     25.47    107.41    232.56  0.01
     99.11     76.53    259.01  0.01
    328.52    106.04    350.30  0.01
     45.17     79.03    299.97  0.01
    136.82    145.03    355.67  0.01
    259.25    115.52    359.79  0.01
     71.31     25.17     75.52  0.01
    287.68    128.80    302.77  0.01
    278.04     52.36    256.10  0.01
    206.35     34.24      4.44  0.01
    308.16    151.57    228.04  0.01
     25.70     82.67    174.48  0.01
      5.43    172.02    188.71  0.01
    103.32     88.74    305.97  0.01
     22.00    111.33    224.48  0.01
      9.65     26.26    210.45  0.01
     17.63     72.37    198.61  0.01
    203.76     64.50    171.69  0.01
     79.93    148.70    322.90  0.01
    199.35     85.48     18.96  0.01
    196.07     68.88    220.60  0.01
    315.80    136.89    302.23  0.01
    315.38     82.59    172.79  0.01
    134.30     76.22    207.83  0.01
    329.14    119.30    181.70  0.01
    341.27     74.66     18.48  0.01
    234.57     36.96    209.47  0.01
    212.05     87.93    268.47  0.01
    289.56     76.60    262.62  0.01
    347.27     79.88     17.69  0.01
    158.27    166.14     79.13  0.01
    134.28     57.78     62.80  0.01
    176.79    147.81    144.67  0.01
    205.86     95.80    103.13  0.01
    163.87    102.07    252.38  0.01
    246.54     98.73    157.80  0.01
     61.88     78.37    250.62  0.01
    226.43     88.58    190.37  0.01
     21.94     76.74    358.16  0.01
     49.01     48.77    267.97  0.01
      0.74    144.15     57.88  0.01
    296.65    157.09    271.38  0.01
    325.24     79.50    267.89  0.01
    297.09    116.99     66.01  0.01
    235.75    104.43    207.88  0.01
    102.17    136.72    213.45  0.01
    250.02    118.93     52.32  0.01
    283.42    109.25    177.32  0.01
    263.42    107.17     90.72  0.01
    119.60     72.36    270.39  0.01
    267.69     61.63    184.00  0.01
    321.07     60.06    177.79  0.01
      6.11     48.61    121.26  0.01
    149.50     36.02     34.61  0.01
    269.27    137.80    180.77  0.01
     27.24    107.50     36.70  0.01
     14.59    135.83    309.21  0.01
    120.82    106.67    226.36  0.01
    238.54     66.94    188.61  0.01
    273.10     86.86    284.86  0.01
    326.68    143.13     61.45  0.01
    148.09     40.96    105.95  0.01
    245.66    146.70    170.02  0.01
    342.62     45.14    311.41  0.01
    334.98    150.91      8.77  0.01
    261.97    156.78      3.72  0.01
    209.08     90.89    303.92  0.01
    304.00    107.90    245.79  0.01
    313.62    111.02    131.58  0.01
    201.28    142.66    241.37  0.01
    242.52    115.03    301.14  0.01
    274.69    103.99    129.07  0.01
    268.45    122.37    133.70  0.01
    356.23    131.09    293.38  0.01
    245.68    129.84    348.09  0.01
    186.55    116.15     12.48  0.01
    133.14    148.12    168.64  0.01
     49.96    120.29     47.28  0.01
    244.96    127.80    306.37  0.01
    151.76     65.86    317.02  0.01
    250.28    138.33    216.03  0.01
     75.25     66.86     93.28  0.01
    232.44    158.76    193.77  0.01
    260.56    113.31    315.59  0.01
     55.03    121.35     96.94  0.01
    144.57     78.37     57.87  0.01
    325.83    109.65    209.98  0.01
    346.39     20.33    222.64  0.01
    289.51    132.01     63.85  0.01
      7.04     42.61    145.08  0.01
     65.19     69.83    203.91  0.01
    291.47     52.08      6.56  0.01
    160.85    161.98    288.38  0.01
    335.39     57.39    149.02  0.01
    136.88    106.44    210.24  0.01
    262.54     68.46    151.99  0.01
    211.01    151.85    128.93  0.01
    220.97    132.22    171.30  0.01
