    200
    102.74    119.56     33.65  0.005
    219.06     36.21     70.51  0.005
    166.66     28.59     45.80  0.005
    149.74     86.13     38.68  0.005
    143.88     72.50      9.75  0.005
     27.71      7.88    225.69  0.005
     10.26     81.59    324.82  0.005
    213.21    156.91    352.41  0.005
    313.75     60.06    131.59  0.005
    283.74    137.64    213.65  0.005
    329.59    158.18    298.33  0.005
     61.37    171.68    104.65  0.005
     44.90     68.33     40.28  0.005
     29.40    114.77    163.14  0.005
     56.39    115.89    341.90  0.005
    271.21     76.66    171.67  0.005
    115.18     14.35    188.62  0.005
     91.19     56.83      5.63  0.005
     82.74     58.24    203.82  0.005
    270.54     31.34    173.33  0.005
    223.36    121.08    337.69  0.005
     24.78    145.47    260.74  0.005
    283.55     15.26     46.32  0.005
    181.86     29.64    222.10  0.005
    131.50     86.81     60.28  0.005
    109.11    100.71    305.06  0.005
    296.68     91.90    277.66  0.005
    345.96     53.34    176.22  0.005
    273.86     90.04    258.28  0.005
    330.12    129.31    331.15  0.005
    120.97     81.77     67.66  0.005
     11.68     44.71    324.83  0.005
    173.80    124.71    113.30  0.005
    273.97     72.11    253.62  0.005
    323.31    136.42    232.22  0.005
     26.93     58.76    246.72  0.005
     16.79    142.74    218.94  0.005
    249.31     53.98    182.47  0.005
    235.55    100.75    116.52  0.005
     28.27     72.64     82.15  0.005
    242.06    133.73     66.63  0.005
    113.86     79.34     98.16  0.005
    164.72     69.79    194.30  0.005
    302.55     48.03    131.18  0.005
    163.67     58.32    256.20  0.005
    207.04     90.18    221.17  0.005
    273.85     46.94      6.04  0.005
    133.74     77.06    131.62  0.005
    327.20     47.08    189.90  0.005
    302.09     40.41    186.81  0.005
    290.34     26.97    286.18  0.005
    299.37     96.97    155.59  0.005
     37.12    115.06    224.76  0.005
    176.93    157.23    325.59  0.005
     71.68     56.60    223.51  0.005
    269.67    119.58    347.86  0.005
     76.88    115.21    291.22  0.005
    357.98     42.44     15.39  0.005
    297.50      6.03    335.80  0.005
     46.71     89.56    108.16  0.005
    156.33     11.11    351.16  0.005
    345.38    109.02    154.19  0.005
    254.93     72.93    226.34  0.005
    167.01    166.51    295.29  0.005
    307.45     77.67    224.83  0.005
    168.03     60.49    219.45  0.005
      6.29    148.08    210.54  0.005
     38.44    124.36    220.17  0.005
    227.30     37.96     86.70  0.005
    230.64     65.64    214.08  0.005
     27.52     80.04     26.49  0.005
    354.83    105.37    167.77  0.005
    106.35     19.96    143.73  0.005
    241.07     88.39    306.70  0.005
     46.49    159.78    112.40  0.005
    297.90    167.19     21.02  0.005
    340.95    145.61    195.24  0.005
    161.43     40.97     47.52  0.005
    133.84     63.55     84.70  0.005
      3.99    146.39     44.50  0.005
    173.54     58.93    170.11  0.005
     67.43     20.32    174.74  0.005
    301.95    151.79    105.82  0.005
    309.14    111.84    192.97  0.005
     42.01      4.59     46.05  0.005
    155.85     65.98    188.32  0.005
    175.49     86.14    138.42  0.005
     55.25     90.69    108.34  0.005
     17.57    120.69     57.38  0.005
     18.57     73.14    308.72  0.005
    167.78     30.09      3.49  0.005
    104.68     27.48     12.25  0.005
     96.21     76.98    167.98  0.005
     34.59    133.84    231.14  0.005
    307.65    100.22    355.47  0.005
    190.70    148.43    229.62  0.005
    114.29    137.89    123.06  0.005
     76.06     79.43    299.78  0.005
     96.24    113.59    306.23  0.005
    186.21     82.58     68.83  0.005
     73.10     68.92    320.36  0.005
    180.42     82.28     82.70  0.005
    136.88     55.26     25.73  0.005
    156.51    138.47    115.97  0.005
     40.22     95.72     88.55  0.005
    123.43     90.99    312.32  0.005
     53.85     25.21      8.33  0.005
    323.54     50.58    136.50  0.005
      6.42    121.63    237.96  0.005
    338.03     82.62    241.88  0.005
    356.67     34.39    246.69  0.005
     64.41    118.66     71.00  0.005
    278.05    118.96    132.73  0.005
    223.93     63.02    208.13  0.005
    116.18    108.37    256.08  0.005
    132.48    128.41    325.64  0.005
     78.45     64.21     31.08  0.005
    296.45     41.06    305.18  0.005
    211.56    117.85     11.49  0.005
     39.89    140.20    358.41  0.005
     34.35     19.25    309.40  0.005
     12.83     97.40     90.71  0.005
     63.87     51.51    179.00  0.005
    264.03     58.02    148.10  0.005
    195.61    150.87     28.43  0.005
     72.50    138.46      5.14  0.005
     88.76     88.18    274.56  0.005
    185.42    134.86    306.63  0.005
    197.56     54.16    228.64  0.005
    336.04    157.80    262.00  0.005
      7.68     75.49      5.15  0.005
    233.39     97.94    125.26  0.005
     41.93     99.17    257.40  0.005
    281.00     48.00    284.98  0.005
    197.15    129.42    195.83  0.005
    271.28    115.84    327.43  0.005
    277.17     60.40     88.16  0.005
    162.81     82.29    148.01  0.005
    283.73     81.22     17.66  0.005
     36.17    124.14    158.87  0.005
    300.07    148.82    119.71  0.005
    116.72    136.87    102.14  0.005
    183.52     63.90     90.46  0.005
     68.48     27.22     69.69  0.005
    204.90    111.02     81.23  0.005
    143.78    109.78     39.16  0.005
    142.89     55.24    109.47  0.005
     95.15     90.60    110.43  0.005
     29.36     91.78    270.14  0.005
     91.61     72.41    130.13  0.005
    197.65    128.13     59.27  0.005
    309.87    114.07    316.16  0.005
     65.52     66.33     10.86  0.005
    238.58     73.70     61.26  0.005
    262.29     84.11    246.69  0.005
    130.42    147.51    167.15  0.005
    243.34    136.59    286.47  0.005
     26.75    151.23     23.56  0.005
    157.81     95.79     77.55  0.005
    172.24     88.86    212.62  0.005
     27.88    124.02     74.57  0.005
    123.61     47.76    180.50  0.005
    240.51    108.21     34.75  0.005
    218.57    131.58    220.15  0.005
     82.24     69.72     59.89  0.005
     49.68    116.48     44.16  0.005
    326.95     31.06    136.27  0.005
     97.27     13.62    145.37  0.005
    103.78     90.58    174.48  0.005
    116.26     60.88    152.95  0.005
    326.82    106.96    241.13  0.005
    315.60    156.78    336.88  0.005
    186.40     25.15    181.08  0.005
    256.17     91.45    330.42  0.005
    261.24    134.26     14.41  0.005
    142.12     95.57    323.11  0.005
    163.99    112.25    133.16  0.005
    199.56    124.79    189.20  0.005
    242.35    105.18    299.24  0.005
    110.85     64.39    274.63  0.005
    337.32     44.46     80.75  0.005
    113.93     85.63    191.24  0.005
    224.94    120.80    106.86  0.005
    255.87     60.78    230.92  0.005
    122.53    117.28    120.62  0.005
    131.01     47.59     14.01  0.005
    169.89     64.92    202.07  0.005
     37.89    107.50     65.87  0.005
    197.75    101.63    211.68  0.005
    144.57     80.20    293.23  0.005
    214.01     60.00    286.54  0.005
    147.43     50.67    307.76  0.005
    295.68    134.55    331.91  0.005
    282.02     89.04     82.16  0.005
    302.44     86.21    148.29  0.005
     72.37    107.92    359.32  0.005
    148.94    157.55    188.35  0.005
     34.09    166.84     76.07  0.005
     60.21    145.99    203.24  0.005
    253.63     49.55     13.05  0.005

